   1 52.000000
   1 55.000000
   1 63.000000
   1 68.000000
   1 71.000000
   1 72.000000
   1 73.000000
   1 76.000000
   1 77.000000
   1 81.000000
   1 83.000000
   1 85.000000
   1 92.000000
   1 95.000000
   1 99.000000
   2 56.000000
   2 57.000000
   2 65.000000
   2 74.000000
   3 53.000000
   3 58.000000
   3 78.000000
   4 42.000000
   4 62.000000
   4 84.000000
   4 94.000000
   5 47.000000
   5 61.000000
   5 69.000000
   5 89.000000
   6 36.000000
   6 48.000000
   6 51.000000
   7 34.000000
   7 46.000000
   8 44.000000
   8 59.000000
   8 64.000000
   8 79.000000
  10 38.000000
  10 49.000000
  11 54.000000
  12 35.000000
  12 45.000000
  15 32.000000
  16 43.000000
  23 39.000000
  23 41.000000
  24 26.000000
  27 31.000000
  29 33.000000
  29 37.000000
  33 29.000000
  35 28.000000
  45 25.000000
  46 27.000000
  48 23.000000
  48 24.000000
  72 22.000000
  73 19.000000
  76 21.000000
 100 18.000000
 123 17.000000
 129 16.000000
 140 15.000000
 157 14.000000
 188 13.000000
 211 12.000000
 234 11.000000
 312 9.000000
 487 8.000000
 565 7.000000
 573 6.000000
 685 5.000000
1038 4.000000
1086 3.000000
1145 1.000000
1297 2.000000
